-
          id: 0
          coordinates: [[494.43065931957483,459.6603260068771],[625.4224999590049,365.99650258571677],[510.1431974020543,296.32210306557613],[399.4087576322417,345.50870529114843]]
-
          id: 1
          coordinates: [[625.4224999590049,365.9965025857169],[777.9806765140961,256.91198220216995],[663.8921026515353,228.0291107422879],[510.1431974020543,296.32210306557613]]
-
          id: 2
          coordinates: [[777.9806765140961,256.91198220216984],[876.115649769667,186.74198717361492],[780.7936605771588,176.10316574098528],[663.8921026515352,228.02911074228797]]
-
          id: 3
          coordinates: [[876.115649769667,186.74198717361492],[944.5598925121293,137.801920104313],[872.7027689672674,135.2784976008059],[780.7936605771588,176.10316574098528]]
